2 1
1
0

2 2
1
0 2 1

2 3
2
0 3 6 1 5 4 2
0 5 3 2 6 1 4

2 4
2
0  4  8 14  1 10 13  9  2  7  5 12 11  6  3
0 12  9  4  3 10  8 13  6  2  5 14  1  7 11

2 5
6
0 12 24  8 17 28 16  9  3  7 25 30  1 27 18 21  6  4 14 20 19 15 29 26  2 10 23 13  5 22 11
0 13 26 23 21  7 15  5 11 25 14  8 30  1 10  6 22 27 19 18 28  4 16  3 29  9  2 17 20 24 12
0 14 28  5 25  3 10 16 19 24  6 23 20 30  1 22  7 18 17  8 12 27 15 11  9  4 29 21  2 26 13
0 18  5 29 10  2 27 22 20 16  4 19 23 14 13 24  9 30  1 11  8 25  7 12 15 21 28  6 26  3 17
0 19  7 11 14 29 22  2 28 15 27  3 13 12  4  9 25 21 30  1 23 17  6 20 26 16 24 10  8  5 18
0 20  9 26 18  8 21 29  5  2 16 12 11 17 27 25 10 13  4 30  1  6 24 28 22 15  3 14 23  7 19

2 6
6
0  6 12 32 24 62  1 26 48 45 61 25  2 35 52 23 33 47 27 56 59 42 50 15  4 11  7 18 41 60 46 34  3 16 31 13 54 44 49 43 55 28 21 39 37  9 30 17  8 38 22 53 14 51 36 40 19 58 57 20 29 10  5
0  8 16 53 32 38 43 62  1 45 13 51 23 10 61 44  2 41 27 34 26 42 39 12 46 30 20 18 59 48 25 35  4 58 19 31 54 57  5 22 52 17 21  6 15  9 24 49 29 47 60 11 40  3 36 56 55 37 33 28 50 14  7
0 25 50 55 37 40 47 53 11 27 17  8 31 15 43 13 22 10 54 51 34 42 16 28 62  1 30  9 23 49 26 12 44 59 20 58 45  4 39 38  5 57 21 14 32 36 56  6 61 29  2 19 60  7 18  3 46 41 35 33 52 48 24
0 39 15 11 30 28 22 17 60 45 56  3 44 61 34  2 57  7 27 31 49 42  6 58 25 24 59 18  5 43  4 19 51 37 14 40 54 33 62  1 35 47 21 29 12  9 53 41 50 20 48 32 55 46 36 52 10 16 23 26  8 13 38
0 56 49 13 35 30 26  8  7 27 60 23 52  3 16 34 14 39 54 48 57 42 46 11 41 58  6  9 32 44  5 59 28 38 15  4 45 43 33 17 51 24 21 37 29 36 22 61 19  2 53 40 12 50 18 62  1 20 25 31 10 47 55
0 58 53 34 43  6  5 44 23 27 12 49 10 41 25 55 46 33 54 26 24 42 35  8 20 14 19  9 50 32 47 60 29 17  3 22 45 56 52 59 48 13 21  4  7 36 16 30 40 11 28 61 38  2 18 15 37 62  1 39 31 51 57

